   1.0100000e+00
   2.0000000e+00
   2.9400000e+00
   3.9200000e+00
   4.8800000e+00
   5.8300000e+00
   6.8500000e+00
   7.8700000e+00
   8.9000000e+00
   9.9600000e+00
   1.1010000e+01
   1.2010000e+01
   1.2910000e+01
   1.3880000e+01
   1.4980000e+01
   1.5990000e+01
   1.6990000e+01
   1.8010000e+01
   1.9040000e+01
   2.0090000e+01
   2.1050000e+01
   2.2010000e+01
   2.2970000e+01
   2.3930000e+01
   2.4870000e+01
   2.5870000e+01
   2.6900000e+01
   2.7910000e+01
   2.8860000e+01
   2.9840000e+01
   3.0730000e+01
   3.1640000e+01
   3.2610000e+01
   3.3570000e+01
   3.4540000e+01
   3.5570000e+01
   3.6600000e+01
   3.7610000e+01
   3.8710000e+01
   3.9620000e+01
   4.0650000e+01
   4.1710000e+01
   4.2720000e+01
   4.3720000e+01
   4.4760000e+01
   4.5770000e+01
   4.6840000e+01
   4.7870000e+01
   4.8880000e+01
   4.9890000e+01
   5.0940000e+01
   5.1980000e+01
   5.2990000e+01
   5.4020000e+01
   5.4980000e+01
   5.5970000e+01
   5.6880000e+01
   5.7890000e+01
   5.8970000e+01
   5.9980000e+01
   6.0970000e+01
   6.1940000e+01
   6.2860000e+01
   6.3890000e+01
   6.4920000e+01
   6.5820000e+01
   6.6760000e+01
   6.7720000e+01
   6.8700000e+01
   6.9680000e+01
   7.0810000e+01
   7.1780000e+01
   7.2780000e+01
   7.3800000e+01
   7.4850000e+01
   7.5910000e+01
   7.6840000e+01
   7.7840000e+01
   7.8880000e+01
   7.9870000e+01
   8.0830000e+01
   8.1870000e+01
   8.2930000e+01
   8.3940000e+01
   8.4890000e+01
   8.5940000e+01
   8.6880000e+01
   8.7930000e+01
   8.8960000e+01
   9.0030000e+01
   9.1020000e+01
   9.1970000e+01
   9.2970000e+01
   9.4080000e+01
   9.5040000e+01
   9.6020000e+01
   9.7120000e+01
   9.8070000e+01
   9.9010000e+01
   1.0009000e+02
   1.0106000e+02
   1.0202000e+02
   1.0305000e+02
   1.0410000e+02
   1.0505000e+02
   1.0609000e+02
   1.0708000e+02
   1.0800000e+02
   1.0892000e+02
   1.0993000e+02
   1.1093000e+02
   1.1189000e+02
   1.1293000e+02
   1.1389000e+02
   1.1481000e+02
   1.1573000e+02
   1.1669000e+02
   1.1782000e+02
   1.1881000e+02
   1.1974000e+02
   1.2071000e+02
   1.2164000e+02
   1.2265000e+02
   1.2362000e+02
   1.2472000e+02
   1.2573000e+02
   1.2676000e+02
   1.2781000e+02
   1.2883000e+02
   1.2983000e+02
   1.3093000e+02
   1.3199000e+02
   1.3304000e+02
   1.3400000e+02
   1.3500000e+02
   1.3603000e+02
   1.3701000e+02
   1.3815000e+02
   1.3916000e+02
   1.4019000e+02
   1.4122000e+02
   1.4229000e+02
   1.4319000e+02
   1.4432000e+02
   1.4541000e+02
   1.4638000e+02
   1.4739000e+02
   1.4838000e+02
   1.4936000e+02
   1.5045000e+02
   1.5149000e+02
   1.5251000e+02
   1.5349000e+02
   1.5449000e+02
   1.5554000e+02
   1.5647000e+02
   1.5741000e+02
   1.5834000e+02
   1.5927000e+02
   1.6028000e+02
   1.6129000e+02
   1.6223000e+02
   1.6328000e+02
   1.6424000e+02
   1.6528000e+02
   1.6621000e+02
   1.6721000e+02
   1.6816000e+02
   1.6906000e+02
   1.7001000e+02
   1.7096000e+02
   1.7195000e+02
   1.7296000e+02
   1.7388000e+02
   1.7487000e+02
   1.7585000e+02
   1.7692000e+02
   1.7792000e+02
   1.7895000e+02
   1.7987000e+02
   1.8084000e+02
   1.8189000e+02
   1.8289000e+02
   1.8394000e+02
   1.8499000e+02
   1.8603000e+02
   1.8695000e+02
   1.8795000e+02
   1.8905000e+02
   1.9000000e+02
   1.9100000e+02
   1.9204000e+02
   1.9303000e+02
   1.9408000e+02
   1.9504000e+02
   1.9606000e+02
   1.9703000e+02
   1.9803000e+02
   1.9903000e+02
   2.0000000e+02
