   9.2000000e-01
   1.8700000e+00
   2.9300000e+00
   3.9900000e+00
   5.0200000e+00
   6.0200000e+00
   7.0000000e+00
   8.0000000e+00
   8.9700000e+00
   9.9900000e+00
   1.1010000e+01
   1.2020000e+01
   1.3040000e+01
   1.4000000e+01
   1.4950000e+01
   1.5940000e+01
   1.7010000e+01
   1.8090000e+01
   1.9120000e+01
   2.0100000e+01
   2.1070000e+01
   2.2080000e+01
   2.3150000e+01
   2.4150000e+01
   2.5190000e+01
   2.6170000e+01
   2.7140000e+01
   2.8120000e+01
   2.9180000e+01
   3.0220000e+01
   3.1160000e+01
   3.2200000e+01
   3.3250000e+01
   3.4280000e+01
   3.5270000e+01
   3.6300000e+01
   3.7380000e+01
   3.8370000e+01
   3.9390000e+01
   4.0290000e+01
   4.1220000e+01
   4.2290000e+01
   4.3260000e+01
   4.4220000e+01
   4.5210000e+01
   4.6180000e+01
   4.7200000e+01
   4.8240000e+01
   4.9270000e+01
   5.0280000e+01
   5.1240000e+01
   5.2250000e+01
   5.3200000e+01
   5.4220000e+01
   5.5180000e+01
   5.6190000e+01
   5.7280000e+01
   5.8350000e+01
   5.9350000e+01
   6.0360000e+01
   6.1340000e+01
   6.2330000e+01
   6.3300000e+01
   6.4270000e+01
   6.5290000e+01
   6.6290000e+01
   6.7310000e+01
   6.8210000e+01
   6.9230000e+01
   7.0270000e+01
   7.1290000e+01
   7.2260000e+01
   7.3220000e+01
   7.4260000e+01
   7.5280000e+01
   7.6260000e+01
   7.7200000e+01
   7.8130000e+01
   7.9070000e+01
   8.0050000e+01
   8.1100000e+01
   8.2150000e+01
   8.3140000e+01
   8.4190000e+01
   8.5180000e+01
   8.6200000e+01
   8.7240000e+01
   8.8230000e+01
   8.9290000e+01
   9.0190000e+01
   9.1260000e+01
   9.2190000e+01
   9.3200000e+01
   9.4270000e+01
   9.5250000e+01
   9.6250000e+01
   9.7280000e+01
   9.8320000e+01
   9.9230000e+01
   1.0021000e+02
   1.0118000e+02
   1.0218000e+02
   1.0324000e+02
   1.0421000e+02
   1.0516000e+02
   1.0613000e+02
   1.0722000e+02
   1.0812000e+02
   1.0906000e+02
   1.1006000e+02
   1.1104000e+02
   1.1204000e+02
   1.1303000e+02
   1.1400000e+02
   1.1504000e+02
   1.1605000e+02
   1.1699000e+02
   1.1807000e+02
   1.1909000e+02
   1.2003000e+02
   1.2106000e+02
   1.2217000e+02
   1.2325000e+02
   1.2428000e+02
   1.2528000e+02
   1.2628000e+02
   1.2726000e+02
   1.2828000e+02
   1.2930000e+02
   1.3029000e+02
   1.3124000e+02
   1.3221000e+02
   1.3326000e+02
   1.3432000e+02
   1.3530000e+02
   1.3633000e+02
   1.3734000e+02
   1.3836000e+02
   1.3934000e+02
   1.4038000e+02
   1.4148000e+02
   1.4250000e+02
   1.4348000e+02
   1.4454000e+02
   1.4550000e+02
   1.4652000e+02
   1.4752000e+02
   1.4851000e+02
   1.4951000e+02
   1.5054000e+02
   1.5153000e+02
   1.5259000e+02
   1.5359000e+02
   1.5456000e+02
   1.5554000e+02
   1.5658000e+02
   1.5752000e+02
   1.5852000e+02
   1.5952000e+02
   1.6057000e+02
   1.6157000e+02
   1.6256000e+02
   1.6350000e+02
   1.6444000e+02
   1.6538000e+02
   1.6637000e+02
   1.6730000e+02
   1.6823000e+02
   1.6923000e+02
   1.7027000e+02
   1.7121000e+02
   1.7229000e+02
   1.7332000e+02
   1.7432000e+02
   1.7533000e+02
   1.7639000e+02
   1.7733000e+02
   1.7826000e+02
   1.7923000e+02
   1.8022000e+02
   1.8124000e+02
   1.8228000e+02
   1.8329000e+02
   1.8433000e+02
   1.8527000e+02
   1.8626000e+02
   1.8718000e+02
   1.8815000e+02
   1.8918000e+02
   1.9014000e+02
   1.9110000e+02
   1.9204000e+02
   1.9300000e+02
   1.9395000e+02
   1.9495000e+02
   1.9607000e+02
   1.9705000e+02
   1.9804000e+02
   1.9904000e+02
   2.0000000e+02
