   1.0405341e+00
   2.0773982e+00
   1.9760124e+00
   1.2973846e+00
   5.8329524e-01
   1.0802985e+00
  -5.2770531e-01
  -9.3279986e-01
  -6.1365478e-01
   3.2367344e-01
  -7.2324068e-01
  -3.8532264e-01
   9.5364190e-02
  -1.4475522e+00
  -4.1485302e-01
   1.6908642e+00
   7.4605675e-01
   1.5926907e+00
   3.2810895e+00
   1.2806713e+00
  -1.5169162e+00
  -1.7544175e+00
   3.2984277e-01
  -4.6596614e-01
  -5.7775595e-01
  -2.0683792e-01
  -3.0585067e-01
  -6.2672548e-02
   2.1046801e+00
   8.7770281e-01
   1.0296165e+00
   5.9480747e-01
   1.7183815e+00
   2.1739126e+00
   1.3637505e+00
  -1.5514159e+00
  -6.1937004e-01
  -2.6148308e-01
   9.1388168e-01
   1.0535595e+00
   1.2696874e-01
  -7.9896865e-02
  -4.9968569e-01
  -1.3545783e+00
  -7.5859544e-01
   7.0672944e-01
   8.2988117e-01
   6.9243845e-01
  -5.3421990e-01
  -9.8682553e-01
   6.8589067e-01
   1.2839443e+00
   1.0294271e+00
  -1.6453024e-01
  -4.1553942e-01
  -1.5569369e+00
  -1.2884076e+00
  -6.7457278e-01
  -5.3026066e-01
   3.7787600e-01
   5.3569920e-01
   5.1370035e-01
  -2.9959821e-01
  -3.7948690e-01
  -2.1105213e-01
   9.3924921e-01
   1.4854126e-01
  -9.5593184e-01
  -8.1343351e-01
   8.8078229e-01
   6.2192078e-02
  -6.7566359e-01
  -6.8363115e-01
  -8.8468176e-02
  -2.9914772e-01
  -7.6901510e-01
   8.4817945e-03
   8.1094504e-01
  -9.7895207e-02
  -2.2557207e-01
  -9.3842008e-01
  -1.6799970e+00
  -6.0307590e-01
  -7.7002336e-01
  -1.4093552e+00
  -2.1362449e+00
  -2.3777702e+00
  -9.9962922e-01
  -2.7268466e+00
  -1.4758958e+00
  -3.9460206e-01
  -2.9091038e-01
  -6.2940288e-01
  -2.1055650e-02
  -2.8566826e-02
   1.9661023e-01
   1.1773645e+00
   1.6155234e+00
   2.4560557e-03
   2.0378668e-01
   7.5625618e-01
   4.9381912e-01
  -5.8401073e-01
  -1.0219508e-01
   4.0267720e-01
  -9.7164176e-02
   1.5071552e+00
   1.3702768e+00
   7.2838762e-01
   6.4019845e-01
   2.3353106e-01
  -1.1992238e+00
   3.9588118e-01
   5.5964979e-01
   6.6665599e-01
  -4.1567327e-01
  -1.2827003e+00
  -5.4557885e-01
   3.0077607e-01
  -2.6189390e-01
  -1.7932110e-01
   3.8707220e-01
   1.5644589e-02
  -9.3927415e-01
  -1.2112013e+00
   2.1272287e-01
   8.8130190e-01
  -1.2834002e+00
  -3.3726650e-01
   8.1082374e-01
   4.9287657e-01
  -1.0387744e+00
  -1.6958839e-01
  -3.9286356e-01
  -6.6042111e-01
  -1.1319444e+00
  -1.9908652e+00
  -2.2374239e+00
  -1.0649261e+00
  -9.8760123e-02
  -1.1216657e+00
  -1.1522352e+00
  -1.4208997e-01
  -3.7165413e-01
  -1.3471437e+00
  -2.5297089e-01
  -1.0631562e+00
  -1.2091938e+00
  -5.6177861e-02
   1.9690346e+00
   1.8783547e-01
   1.0287935e+00
   2.8793487e-01
   2.7652999e-01
  -5.6275598e-01
  -8.7638424e-02
   3.5369670e-01
   1.2518549e+00
   1.0562992e+00
   7.3871767e-01
  -8.5805022e-01
  -1.8129118e+00
  -1.7285787e+00
  -1.3472396e+00
  -8.8434810e-01
   1.6857377e-01
   6.4839318e-01
   9.4165115e-01
   9.2577451e-03
   5.4313655e-02
   5.5833374e-01
  -8.5678921e-02
  -3.6117347e-01
  -2.7981990e-01
  -6.8660362e-01
  -1.6897614e+00
  -1.5894459e+00
  -1.0686455e+00
  -3.2816928e-01
  -1.1302903e+00
  -5.2879116e-01
   7.6523768e-01
   1.0369149e+00
   6.3894381e-03
  -3.6242737e-01
  -6.2796037e-01
  -1.1552491e+00
  -2.4104961e-01
   4.8871460e-01
   7.0622625e-01
  -3.4258745e-01
  -4.0331248e-01
  -2.6180957e+00
   3.5764863e-01
  -7.8730667e-01
  -4.9816627e-01
  -3.7808472e-01
   6.0734578e-02
   1.3167027e+00
   4.0595158e-01
