  -9.7065537e-02
  -8.9913499e-01
  -4.2286641e-01
   3.6266749e-01
   4.4791996e-01
   4.2849285e-01
  -9.4560224e-01
  -1.4116981e+00
  -1.4516068e+00
  -1.4720173e+00
  -1.3703466e+00
  -3.8294601e-01
  -2.3328397e+00
  -1.1001061e+00
   1.8996127e-01
   3.4430175e-01
   3.0109298e-01
   4.7914356e-01
   1.3607327e+00
   1.9987642e+00
   9.5001241e-01
   1.0831615e+00
   3.2449553e-01
   4.5751382e-01
   1.2295451e+00
   5.2561373e-01
   9.2563688e-01
   6.6991749e-01
   4.1927320e-01
  -3.8218444e-01
  -1.4116449e+00
  -8.2766475e-01
   1.5860305e+00
   1.9093375e+00
   3.9986432e-01
   1.8898235e+00
   5.8066404e-01
   2.3722606e-01
  -7.7471403e-01
  -1.1295717e+00
  -1.3768984e+00
  -1.9247789e+00
  -1.4364351e+00
  -2.1070165e-01
  -8.8502305e-01
  -4.1337406e-01
  -2.4473170e-01
   2.0183349e-01
  -4.1662354e-01
  -1.3963731e-02
  -1.7401354e-01
  -4.9535153e-01
  -3.4962121e-01
  -7.8719313e-01
  -7.0511355e-01
  -8.7766498e-01
  -1.0301190e-01
  -3.5781474e-01
  -2.9829380e-01
  -3.1320014e-01
  -1.1155747e-01
   2.9570459e-01
   6.4022743e-01
   6.3091461e-01
   1.2443843e+00
   1.0877963e+00
   8.2569767e-02
   7.9818296e-01
   1.3293744e-01
   9.6055673e-01
  -2.6646404e-01
   6.7676404e-01
   7.4597753e-01
   1.5492383e+00
  -1.5133001e-01
   1.5790472e+00
   2.4277106e+00
   2.1835308e+00
   8.1085933e-01
   5.7214772e-01
   8.7747532e-01
   1.3194724e-01
   7.7134027e-01
  -7.2493205e-01
  -1.2924353e+00
   3.0890073e-01
   1.3609371e+00
   8.0867474e-01
   1.3771987e-01
   7.6765442e-01
  -1.1140562e-02
  -1.3836798e+00
  -2.7234400e-01
   2.3632444e-01
  -8.0923991e-01
   4.0697827e-01
   1.8910561e+00
   1.9380789e+00
   2.0438797e+00
   2.2357626e-01
  -4.9879302e-01
  -8.2304960e-01
  -1.7663402e+00
  -6.4219739e-01
  -1.6743630e-01
  -4.2619545e-01
   2.3321797e-01
   8.6346108e-01
   8.0631625e-01
   4.0881270e-01
   7.1774792e-02
  -2.8348162e-01
  -1.2076911e+00
  -8.8138377e-01
  -1.2229630e+00
  -1.1375575e-01
   1.1913597e-01
   4.8549374e-01
   6.9937990e-01
  -1.1639957e-01
   3.0940873e-01
   1.3627115e-01
   5.8847450e-01
  -1.2285494e+00
  -1.2546442e+00
   4.7893168e-01
  -4.0957403e-01
  -1.0456968e+00
  -4.7501687e-02
  -1.3355713e+00
  -9.9806201e-01
  -2.0878831e+00
  -1.3314996e+00
  -1.7589226e+00
  -2.1331519e+00
  -1.6598880e+00
  -1.9287722e+00
  -1.4451212e+00
  -6.7937819e-01
   8.9450480e-01
   2.7973130e-01
   1.1783496e-01
   1.0856297e+00
  -5.5693524e-02
  -5.4837767e-01
   7.5507142e-01
   1.3069844e+00
  -7.3300031e-01
   4.0370927e-01
   1.1920413e+00
   4.2313349e-01
   8.3175805e-01
   1.0491462e+00
   9.7514985e-01
   8.3224361e-01
   3.4248884e-01
   6.6569096e-01
   2.0380589e-01
   6.7374724e-01
   1.4276499e+00
   8.9278569e-01
  -1.2009701e+00
  -1.7030833e+00
  -3.6246917e-01
   7.0943571e-02
   5.6484242e-01
   9.8861741e-01
  -4.1320233e-02
   3.2435490e-01
   5.0938521e-01
   7.8695048e-01
   1.0378763e-01
  -9.2161368e-01
  -7.9332536e-01
  -1.1835454e+00
   8.2260474e-03
  -1.1062883e+00
   6.9684359e-01
   4.5327424e-01
  -1.1177697e-01
   8.9275569e-02
  -6.3424511e-01
   2.2738714e-01
  -2.0594517e-01
  -7.7202771e-01
   2.0057498e-01
  -1.5355848e+00
   4.1046029e-02
  -5.0281114e-01
  -5.5966197e-01
  -1.0257163e+00
  -8.5355314e-01
  -1.7329568e+00
  -6.7429183e-01
  -1.0915365e+00
  -1.0398019e+00
  -1.8914514e+00
  -7.6903266e-01
  -2.9787789e-01
  -1.0513746e+00
